1 5 3 0
1 4 0 0
0 1 32 0
0 189 0 0
0 32 34 1
0 64 20 1
0 96 170 2
0 128 224 0
0 224 1 1
0 35 1 2
0 67 0 1
0 99 246 1
0 131 255 1
0 227 0 1
0 192 62 15
0 160 111 1
0 176 13 1
0 176 45 3
0 33 1 7
0 65 25 1
0 97 243 1
0 129 224 1
0 225 0 1
0 36 1 1
0 68 0 1
0 100 146 1
0 132 255 1
0 228 0 1
0 193 58 10
0 161 234 1
0 177 37 1
0 34 1 7
0 66 15 1
0 98 240 1
0 130 240 1
0 226 0 1
0 37 11 1
0 69 0 1
0 101 182 1
0 133 207 1
0 229 1 1
0 194 50 9
0 162 234 1
0 178 37 1
0 40 34 7
0 72 20 1
0 104 170 1
0 136 224 1
0 232 1 1
0 43 1 1
0 75 0 1
0 107 246 1
0 139 255 1
0 235 0 1
0 195 62 15
0 163 131 1
0 179 13 1
0 179 45 4
0 41 32 6
0 73 0 1
0 105 112 1
0 137 255 1
0 233 0 1
0 44 1 2
0 76 0 1
0 108 247 1
0 140 255 1
0 236 6 1
0 42 32 12
0 74 9 1
0 106 241 1
0 138 255 1
0 234 0 1
0 45 3 1
0 77 0 1
0 109 245 1
0 141 255 1
0 237 5 1
0 197 62 9
0 165 111 1
0 181 57 1
0 48 33 7
0 80 18 1
0 112 249 1
0 144 32 1
0 240 0 1
0 51 2 1
0 83 1 1
0 115 181 1
0 147 203 1
0 243 5 1
0 198 58 10
0 166 208 1
0 182 49 1
0 49 33 7
0 81 18 1
0 113 249 1
0 145 32 1
0 241 0 1
0 52 2 1
0 84 1 1
0 116 181 1
0 148 203 1
0 244 5 1
0 199 58 10
0 167 113 1
0 183 49 1
0 50 33 7
0 82 18 1
0 114 249 2
0 146 32 0
0 242 0 1
0 53 2 2
0 85 1 1
0 117 181 1
0 149 203 1
0 245 5 1
0 200 58 10
0 168 107 1
0 184 46 1
1 32 33 6
1 64 18 1
1 96 249 1
1 128 32 1
1 224 0 1
1 35 2 2
1 67 1 1
1 99 181 1
1 131 203 1
1 227 5 1
1 33 33 13
1 65 23 1
1 97 101 0
1 129 26 2
1 225 0 1
1 36 33 1
1 68 0 1
1 100 240 1
1 132 250 1
1 228 0 1
1 68 5 4
1 193 62 5
1 161 111 1
1 177 57 1
1 34 33 7
1 66 23 0
1 98 101 1
1 130 26 2
1 226 0 1
1 37 33 1
1 69 0 1
1 101 240 1
1 133 250 1
1 229 0 1
1 69 5 4
1 194 62 6
1 162 115 1
1 178 53 1
1 40 33 6
1 72 23 1
1 104 101 1
1 136 26 1
1 232 0 1
1 43 33 2
1 75 0 1
1 107 240 1
1 139 250 1
1 235 0 1
1 75 5 4
1 195 62 5
1 163 105 1
1 179 54 1
1 41 33 6
1 73 23 1
1 105 101 1
1 137 26 1
1 233 0 1
1 44 33 2
1 76 0 1
1 108 240 1
1 140 250 1
1 236 0 1
1 76 5 4
1 196 62 6
1 164 109 1
1 180 50 1
1 42 129 6
1 74 0 1
1 106 240 1
1 138 240 1
1 234 6 1
1 45 2 2
1 77 0 1
1 109 245 0
1 141 201 2
1 237 6 1
1 77 9 4
0 160 121 340
0 176 42 1
0 163 141 8
0 179 42 1
0 160 41 710
0 163 61 10
0 160 1 742
0 163 21 9
0 160 217 711
0 176 41 2
0 163 237 8
0 179 41 1
1 48 129 3715
1 80 0 0
1 112 240 1
1 144 240 2
1 240 6 1
1 51 2 1
1 83 0 1
1 115 245 1
1 147 201 1
1 243 6 1
1 83 15 4
0 177 5 2152
0 177 37 4
0 178 5 5
0 178 37 4
1 192 58 16
1 160 236 1
1 176 45 1
1 68 8 4402
1 177 25 4
1 161 90 3
1 177 57 1
1 69 8 5
1 178 21 3
1 162 94 3
1 178 53 1
1 75 8 5
1 179 22 4
1 163 38 3
1 179 54 1
1 76 8 4
1 180 18 4
1 164 42 3
1 180 50 1
1 49 129 9
1 81 0 1
1 113 240 1
1 145 240 2
1 241 6 1
1 52 2 1
1 84 0 1
1 116 245 1
1 148 201 1
1 244 6 1
1 84 23 4
0 192 62 661
0 160 217 1
0 176 41 1
0 195 62 7
0 163 237 1
0 179 41 2
1 68 11 1484
1 177 25 4
1 193 62 2
1 161 105 1
1 177 54 1
1 69 11 5
1 178 21 3
1 194 62 2
1 162 109 1
1 178 50 1
1 75 11 5
1 179 22 4
1 195 62 2
1 163 234 1
1 179 53 1
1 76 11 4
1 180 18 4
1 196 62 2
1 164 238 1
1 180 49 1
0 176 9 2131
0 160 111 6
0 176 13 1
0 176 45 4
0 177 5 5
0 193 58 2
0 161 234 1
0 177 41 1
0 178 5 5
0 194 50 2
0 162 234 1
0 178 41 1
0 179 9 7
0 163 131 6
0 179 13 1
0 179 45 4
0 196 62 6
0 164 206 1
0 180 49 1
0 189 0 5
0 42 33 2
0 74 9 1
0 106 240 1
0 138 255 1
0 234 0 1
0 45 5 1
0 77 0 1
0 109 245 1
0 141 255 1
0 237 5 1
0 77 2 5
0 181 25 3
0 197 62 2
0 165 111 1
0 181 57 1
0 182 17 5
0 198 58 2
0 166 208 1
0 182 49 1
0 183 17 6
0 199 58 1
0 167 113 1
0 183 49 2
0 184 14 5
0 200 58 2
0 168 107 1
0 184 46 1
1 68 14 6
1 177 22 3
1 161 38 3
1 177 54 1
1 69 14 5
1 178 18 4
1 162 42 3
1 178 50 1
1 75 14 5
1 179 21 3
1 163 206 3
1 179 53 1
1 76 14 5
1 180 17 4
1 164 210 3
1 180 49 1
1 197 48 6
1 165 206 1
1 181 53 1
0 160 121 576
0 176 42 1
0 163 141 9
0 179 42 1
0 181 25 5
0 160 41 708
0 163 61 9
0 160 1 743
0 163 21 9
1 68 17 14
1 177 22 4
1 161 234 3
1 177 53 1
1 69 17 5
1 178 18 4
1 162 238 2
1 178 49 2
1 75 17 4
1 179 21 4
1 163 156 3
1 179 53 1
1 76 17 5
1 180 17 4
1 164 160 2
1 180 49 2
0 160 217 647
0 176 41 1
0 163 237 8
0 179 41 2
0 177 9 1464
0 177 37 4
0 178 9 5
0 178 37 4
0 181 57 13
1 176 13 9
1 192 58 2
1 160 236 1
1 176 45 1
1 68 20 5
1 177 21 3
1 161 206 3
1 177 53 1
1 69 20 5
1 178 17 4
1 162 210 3
1 178 49 1
1 75 20 5
1 179 21 3
1 163 111 3
1 179 53 1
1 76 20 5
1 180 17 4
1 164 115 3
1 180 49 1
0 181 25 674
1 177 21 1478
1 178 17 4
1 179 21 3
1 180 17 4
1 198 16 7
1 166 210 1
1 182 53 1
0 181 57 2165
0 177 5 4405
0 177 37 4
0 178 5 5
0 178 37 4
1 176 13 15
1 176 45 4
1 199 32 14
1 167 208 1
1 183 53 1
0 180 17 3658
0 176 9 712
0 160 111 6
0 176 13 2
0 176 45 3
0 177 5 5
0 177 37 4
0 178 5 6
0 178 37 4
0 179 9 7
0 163 131 6
0 179 13 1
0 179 45 4
0 181 25 9
0 181 57 4
0 182 17 5
0 182 49 4
0 183 17 5
0 183 49 4
0 184 14 5
0 184 46 4
1 181 21 12
1 165 105 3
1 181 50 1
0 160 121 638
0 176 42 2
0 163 141 8
0 179 42 1
0 181 25 5
0 160 41 708
0 177 5 5
0 178 5 4
0 163 61 5
0 160 1 737
0 163 21 9
0 160 217 712
0 176 41 1
0 163 237 8
0 179 41 1
0 177 37 1472
0 178 37 8
0 181 57 13
0 181 25 736
0 177 5 711
0 178 5 4
1 182 21 768
1 166 109 2
1 182 50 2
0 177 37 2168
0 178 37 8
0 181 57 13
0 182 17 5
0 182 49 4
0 183 17 5
0 183 49 4
0 184 14 5
0 184 46 4
1 176 13 6
1 176 45 4
1 181 18 10
1 165 206 3
1 181 53 1
1 183 21 4363
1 167 107 3
1 183 50 1
1 182 18 2222
1 166 210 3
1 182 53 1
0 176 9 2162
0 160 111 6
0 176 13 2
0 176 45 3
0 177 5 5
0 177 41 4
0 178 5 5
0 178 41 4
0 179 9 8
0 163 131 6
0 179 13 1
0 179 45 4
0 180 49 8
0 181 25 6
0 181 57 4
0 182 17 4
0 183 17 3
0 184 14 4
1 176 13 3
1 181 21 9
0 160 121 659
0 176 42 1
0 163 141 9
0 179 42 1
0 181 25 5
0 160 41 710
0 163 61 9
0 160 1 737
0 163 21 10
0 160 217 714
0 176 41 1
0 163 237 8
0 179 41 1
0 181 57 1478
1 183 18 18
1 167 208 3
1 183 53 1
0 181 25 726
1 182 21 1485
0 177 9 2167
0 177 37 4
0 178 9 5
0 178 37 4
0 181 57 13
0 166 158 7
0 182 49 1
0 167 92 7
0 183 49 1
0 168 40 7
0 184 46 2
1 165 156 13
1 181 53 1
1 183 21 4372
1 166 160 2231
1 182 53 1
1 181 21 709
0 180 17 740
0 176 9 718
0 160 111 5
0 176 13 2
0 176 45 3
0 177 5 5
0 161 206 3
0 177 37 1
0 178 5 6
0 162 206 2
0 178 37 2
0 179 9 7
0 163 131 6
0 179 13 1
0 179 45 4
0 181 25 9
0 181 57 4
1 68 5 11
1 69 5 7
1 75 5 7
1 76 5 7
0 160 121 651
0 176 42 1
0 163 141 8
0 179 42 1
0 181 25 6
0 160 41 709
0 163 61 9
0 160 1 736
0 163 21 9
0 160 217 720
0 176 41 1
0 163 237 8
0 179 41 1
0 181 57 1471
1 167 158 20
1 183 53 1
0 181 25 727
1 182 21 15
0 177 5 3647
0 177 37 4
0 178 5 5
0 178 37 4
0 181 57 13
0 182 17 5
0 182 49 4
0 183 17 5
0 183 49 4
0 184 14 5
0 184 46 4
1 181 53 15
1 183 21 2896
1 182 53 3700
1 181 21 711
0 176 9 1453
0 160 111 6
0 176 13 1
0 176 45 3
0 177 5 6
0 161 38 2
0 177 38 2
0 178 5 5
0 162 38 3
0 178 38 1
0 179 9 7
0 163 131 6
0 179 13 1
0 179 45 4
0 180 49 8
0 181 25 6
0 181 57 4
0 182 17 6
0 182 49 4
0 183 17 5
0 183 49 4
0 184 14 5
0 184 46 4
0 160 121 654
0 176 42 1
0 163 141 8
0 179 42 1
0 181 25 6
0 160 41 713
0 163 61 9
0 160 1 731
0 163 21 10
0 160 217 711
0 176 41 2
0 163 237 8
0 179 41 1
0 181 57 1479
1 183 53 21
0 181 25 728
1 182 21 16
0 177 6 3638
0 161 70 3
0 177 38 1
0 178 6 5
0 162 70 3
0 178 38 1
0 181 57 13
1 165 111 17
1 181 53 1
1 183 21 2923
1 166 115 3701
1 182 53 1
0 180 17 1451
0 176 9 713
0 160 111 6
0 176 13 1
0 176 45 4
0 177 6 5
0 161 105 3
0 177 38 1
0 178 6 5
0 162 105 3
0 178 38 1
0 179 9 7
0 163 131 6
0 179 13 1
0 179 45 4
0 181 25 9
0 181 57 4
0 182 17 5
0 166 113 3
0 182 49 1
0 183 17 5
0 167 107 3
0 183 46 1
0 184 14 6
0 168 208 3
0 184 45 1
0 160 121 658
0 176 42 2
0 163 141 8
0 179 42 1
0 181 25 5
0 160 41 710
0 163 61 9
0 160 1 737
0 163 21 9
0 160 217 714
0 176 41 1
0 163 237 8
0 179 41 1
0 181 57 1477
1 161 38 12
1 177 54 2
1 162 42 7
1 178 50 1
1 167 113 12
1 183 53 1
0 181 25 714
1 177 22 2952
1 178 18 3
0 177 6 697
0 161 206 3
0 177 37 1
0 178 6 5
0 162 206 3
0 178 37 1
0 181 57 13
1 161 105 12
1 177 54 1
1 162 109 8
1 178 50 1
1 177 22 3666
1 178 18 3
1 68 20 717
1 161 38 5
1 177 54 2
1 69 20 4
1 162 42 6
1 178 50 1
1 177 22 3677
1 178 18 4
0 176 9 702
0 160 111 6
0 176 13 1
0 176 45 4
0 177 5 5
0 161 38 3
0 177 38 1
0 178 5 5
0 162 38 3
0 178 38 1
0 179 9 7
0 163 131 6
0 179 13 1
0 179 45 4
0 180 49 8
0 181 25 7
0 181 57 4
0 182 17 5
0 166 158 3
0 182 49 1
0 183 14 5
0 167 92 3
0 183 49 1
0 184 13 5
0 168 40 3
0 184 46 1
1 68 5 6
1 161 111 6
1 177 57 1
1 69 5 5
1 162 115 5
1 178 53 1
0 160 121 626
0 176 42 1
0 163 141 8
0 179 42 2
0 181 25 5
0 160 41 709
0 163 61 10
0 160 1 737
0 163 21 9
0 160 217 712
0 176 41 1
0 163 237 8
0 179 41 1
1 177 25 765
1 178 21 4
0 181 57 707
1 68 20 10
1 161 105 5
1 177 54 2
1 69 20 4
1 162 109 6
1 178 50 1
0 181 25 727
1 177 22 2945
1 178 18 3
0 177 6 706
0 161 7 2
0 177 38 1
0 178 6 6
0 162 7 2
0 178 38 2
0 181 57 12
1 68 5 10
1 161 156 6
1 177 57 1
1 69 5 5
1 162 160 5
1 178 53 2
1 177 25 3656
1 178 21 4
1 68 20 716
1 161 111 6
1 177 57 1
1 69 20 5
1 162 115 6
1 178 53 1
0 180 17 3670
1 177 25 10
1 178 21 3
0 176 9 698
0 160 111 6
0 176 13 1
0 176 45 4
0 177 6 5
0 161 234 3
0 177 37 1
0 178 6 5
0 162 234 3
0 178 37 1
0 179 9 7
0 163 131 6
0 179 13 1
0 179 45 4
0 181 25 9
0 181 57 4
0 182 17 7
0 166 208 2
0 182 49 2
0 183 17 6
0 167 113 3
0 183 49 1
0 184 14 6
0 168 107 3
0 184 46 1
1 68 5 9
1 177 57 7
1 69 5 5
1 178 53 8
1 163 105 8
1 179 54 1
1 164 109 9
1 180 50 1
1 181 21 3
0 160 121 603
0 176 42 1
0 163 141 9
0 179 42 1
0 181 25 5
0 160 41 709
0 163 61 10
0 160 1 737
0 163 21 9
0 160 217 712
0 176 41 1
0 163 237 8
0 179 41 1
0 181 57 1479
0 181 25 747
1 182 21 1489
0 177 5 2167
0 177 37 4
0 178 5 5
0 178 37 4
0 181 57 13
1 176 45 12
1 68 8 4394
1 177 25 4
1 161 90 3
1 177 57 1
1 69 8 5
1 178 21 3
1 162 94 3
1 178 53 1
1 75 8 5
1 179 22 4
1 163 38 3
1 179 54 1
1 76 8 4
1 180 18 4
1 164 42 3
1 180 50 1
1 183 21 6
1 68 11 2175
1 177 25 4
1 161 105 2
1 177 54 2
1 69 11 4
1 178 21 4
1 162 109 3
1 178 50 1
1 75 11 5
1 179 22 3
1 163 234 3
1 179 53 1
1 76 11 5
1 180 18 4
1 164 238 3
1 180 49 1
0 176 9 2127
0 160 111 6
0 176 13 1
0 176 45 4
0 177 5 5
0 177 41 4
0 178 5 5
0 178 41 4
0 179 9 7
0 163 131 6
0 179 13 1
0 179 45 4
0 180 49 8
0 181 25 7
0 181 57 4
0 182 17 5
0 182 49 4
0 183 17 5
0 183 49 4
0 184 14 5
0 184 46 4
1 68 14 6
1 177 22 4
1 161 38 3
1 177 54 1
1 69 14 5
1 178 18 3
1 162 42 3
1 178 50 1
1 75 14 5
1 179 21 4
1 163 206 3
1 179 53 1
1 76 14 5
1 180 17 3
1 164 210 3
1 180 49 1
1 165 206 7
1 181 53 1
0 160 121 597
0 176 42 1
0 163 141 9
0 179 42 1
0 181 25 5
0 160 41 709
0 163 61 10
0 160 1 737
0 163 21 9
1 68 17 14
1 177 22 4
1 161 234 3
1 177 53 1
1 69 17 5
1 178 18 3
1 162 238 3
1 178 49 1
1 75 17 5
1 179 21 4
1 163 156 3
1 179 53 1
1 76 17 4
1 180 17 4
1 164 160 3
1 180 49 1
0 160 217 655
0 176 41 2
0 163 237 8
0 179 41 1
0 177 9 1467
0 177 37 4
0 178 9 5
0 178 37 4
0 181 57 13
1 176 13 9
1 176 45 4
1 68 20 4
1 177 21 4
1 161 206 3
1 177 53 1
1 69 20 5
1 178 17 3
1 162 210 3
1 178 49 2
1 75 20 4
1 179 21 4
1 163 111 3
1 179 53 1
1 76 20 5
1 180 17 3
1 164 115 3
1 180 49 1
0 181 25 670
1 177 21 1478
1 178 17 4
1 179 21 3
1 180 17 4
1 166 210 8
1 182 53 1
0 181 57 2165
0 177 5 4405
0 177 41 4
0 178 5 5
0 178 41 4
1 176 13 15
1 176 45 4
1 167 208 15
1 183 53 1
0 180 17 3659
